# MVE view meta data is stored in INI-file syntax.
# This file is generated, formatting will get lost.

[camera]
focal_length = 1.13988
pixel_aspect = 1
principal_point = 0.504003 0.515569
rotation = 0.963086 0.127457 -0.237107 -0.129663 0.991538 0.00633475 0.235908 0.0246432 0.971463
translation = 2.07319 -0.254849 0.117697 

[view]
id = 25
name = B25.jpg
