# MVE view meta data is stored in INI-file syntax.
# This file is generated, formatting will get lost.

[camera]
focal_length = 1.13988
pixel_aspect = 1
principal_point = 0.504003 0.515569
rotation = -0.885513 -0.176798 0.429662 0.238932 0.619831 0.747477 -0.39847 0.76456 -0.506626
translation = -3.63471 -6.01055 11.3048 

[view]
id = 13
name = B13.jpg
