# MVE view meta data is stored in INI-file syntax.
# This file is generated, formatting will get lost.

[camera]
focal_length = 1.13988
pixel_aspect = 1
principal_point = 0.504003 0.515569
rotation = -0.539206 -0.317437 0.780058 0.438548 0.684918 0.581862 -0.71898 0.655837 -0.230101
translation = -6.34013 -4.7816 8.99049 

[view]
id = 11
name = B11.jpg
