# MVE view meta data is stored in INI-file syntax.
# This file is generated, formatting will get lost.

[camera]
focal_length = 1.13988
pixel_aspect = 1
principal_point = 0.504003 0.515569
rotation = 0.979657 0.0811339 -0.183547 -0.082922 0.996554 -0.00207427 0.182747 0.0172522 0.983009
translation = 1.64475 -0.0629034 0.225779 

[view]
id = 0
name = B00.jpg
