# MVE view meta data is stored in INI-file syntax.
# This file is generated, formatting will get lost.

[camera]
focal_length = 1.13988
pixel_aspect = 1
principal_point = 0.504003 0.515569
rotation = 0.25667 0.420992 -0.869992 -0.423133 0.858245 0.290472 0.868953 0.293567 0.398421
translation = 6.90149 -2.66102 4.52172 

[view]
id = 21
name = B21.jpg
