# MVE view meta data is stored in INI-file syntax.
# This file is generated, formatting will get lost.

[camera]
focal_length = 1.13988
pixel_aspect = 1
principal_point = 0.504003 0.515569
rotation = 0.946693 -0.140163 0.290046 0.146444 0.989219 5.01373e-05 -0.286926 0.0424279 0.957013
translation = -2.2773 -0.132986 0.458429 

[view]
id = 3
name = B03.jpg
