# MVE view meta data is stored in INI-file syntax.
# This file is generated, formatting will get lost.

[camera]
focal_length = 1.13988
pixel_aspect = 1
principal_point = 0.504003 0.515569
rotation = 0.690541 0.323324 -0.647005 -0.328268 0.937188 0.117979 0.644511 0.130921 0.753303
translation = 5.09457 -1.25693 1.78397 

[view]
id = 23
name = B23.jpg
