# MVE view meta data is stored in INI-file syntax.
# This file is generated, formatting will get lost.

[camera]
focal_length = 1.13988
pixel_aspect = 1
principal_point = 0.504003 0.515569
rotation = -0.723345 -0.257104 0.640835 0.356749 0.655465 0.665654 -0.591187 0.710115 -0.382406
translation = -5.12284 -5.39195 10.3203 

[view]
id = 12
name = B12.jpg
