# MVE view meta data is stored in INI-file syntax.
# This file is generated, formatting will get lost.

[camera]
focal_length = 1.13988
pixel_aspect = 1
principal_point = 0.504003 0.515569
rotation = 0.571627 -0.348463 0.742843 0.374314 0.916391 0.141834 -0.730159 0.19698 0.654268
translation = -5.96845 -1.21729 2.49955 

[view]
id = 6
name = B06.jpg
