# MVE view meta data is stored in INI-file syntax.
# This file is generated, formatting will get lost.

[camera]
focal_length = 1.13988
pixel_aspect = 1
principal_point = 0.504003 0.515569
rotation = 0.74932 -0.293401 0.593663 0.311639 0.947252 0.0748023 -0.584295 0.128958 0.80123
translation = -4.5846 -0.703245 1.34211 

[view]
id = 5
name = B05.jpg
