# MVE view meta data is stored in INI-file syntax.
# This file is generated, formatting will get lost.

[camera]
focal_length = 1.13988
pixel_aspect = 1
principal_point = 0.504003 0.515569
rotation = -0.305677 -0.36774 0.878253 0.455428 0.753569 0.474045 -0.83615 0.544886 -0.0628696
translation = -6.96407 -3.78691 8.01442 

[view]
id = 10
name = B10.jpg
