# MVE view meta data is stored in INI-file syntax.
# This file is generated, formatting will get lost.

[camera]
focal_length = 1.13988
pixel_aspect = 1
principal_point = 0.504003 0.515569
rotation = -0.549632 0.367319 -0.750321 -0.36258 0.704261 0.610371 0.752622 0.607531 -0.253902
translation = 5.6441 -5.33736 9.96871 

[view]
id = 18
name = B18.jpg
