# MVE view meta data is stored in INI-file syntax.
# This file is generated, formatting will get lost.

[camera]
focal_length = 1.13988
pixel_aspect = 1
principal_point = 0.504003 0.515569
rotation = 0.15965 -0.39391 0.905178 0.469473 0.836906 0.281397 -0.868394 0.380031 0.318542
translation = -7.12847 -2.31978 4.9548 

[view]
id = 8
name = B08.jpg
