# MVE view meta data is stored in INI-file syntax.
# This file is generated, formatting will get lost.

[camera]
focal_length = 1.13988
pixel_aspect = 1
principal_point = 0.504003 0.515569
rotation = -0.0802924 -0.390332 0.917166 0.483946 0.789145 0.378215 -0.871407 0.474226 0.125537
translation = -7.29382 -3.09653 6.4496 

[view]
id = 9
name = B09.jpg
