# MVE view meta data is stored in INI-file syntax.
# This file is generated, formatting will get lost.

[camera]
focal_length = 1.13988
pixel_aspect = 1
principal_point = 0.504003 0.515569
rotation = -0.336703 0.392652 -0.855836 -0.420662 0.750437 0.509792 0.842422 0.531666 -0.0875002
translation = 6.47688 -4.53961 8.59205 

[view]
id = 19
name = B19.jpg
