# MVE view meta data is stored in INI-file syntax.
# This file is generated, formatting will get lost.

[camera]
focal_length = 1.13988
pixel_aspect = 1
principal_point = 0.504003 0.515569
rotation = 0.377286 -0.381165 0.84402 0.433813 0.877938 0.202563 -0.818206 0.289722 0.496587
translation = -6.61269 -1.72484 3.62537 

[view]
id = 7
name = B07.jpg
