# MVE view meta data is stored in INI-file syntax.
# This file is generated, formatting will get lost.

[camera]
focal_length = 1.13988
pixel_aspect = 1
principal_point = 0.504003 0.515569
rotation = 0.845055 -0.224596 0.48522 0.24699 0.968845 0.0182982 -0.474213 0.104381 0.874201
translation = -3.78147 -0.306155 0.723679 

[view]
id = 4
name = B04.jpg
