# MVE view meta data is stored in INI-file syntax.
# This file is generated, formatting will get lost.

[camera]
focal_length = 1.13988
pixel_aspect = 1
principal_point = 0.504003 0.515569
rotation = -0.0649067 0.432393 -0.899346 -0.43411 0.799263 0.415604 0.898518 0.417391 0.135829
translation = 7.0327 -3.67626 6.64275 

[view]
id = 20
name = B20.jpg
