# MVE view meta data is stored in INI-file syntax.
# This file is generated, formatting will get lost.

[camera]
focal_length = 1.13988
pixel_aspect = 1
principal_point = 0.504003 0.515569
rotation = 0.983632 -0.0796332 0.161638 0.0816251 0.996647 -0.00570969 -0.160641 0.0188099 0.986834
translation = -1.13588 -0.0755497 0.39734 

[view]
id = 2
name = B02.jpg
