# MVE view meta data is stored in INI-file syntax.
# This file is generated, formatting will get lost.

[camera]
focal_length = 1.13988
pixel_aspect = 1
principal_point = 0.504003 0.515569
rotation = -0.744705 0.282568 -0.604624 -0.298241 0.669558 0.680253 0.597049 0.686911 -0.414349
translation = 4.30953 -5.71808 11.0653 

[view]
id = 17
name = B17.jpg
