# MVE view meta data is stored in INI-file syntax.
# This file is generated, formatting will get lost.

[camera]
focal_length = 1.13988
pixel_aspect = 1
principal_point = 0.504003 0.515569
rotation = -0.996702 0.0582871 -0.0564553 -0.00887702 0.613234 0.789852 0.0806584 0.787748 -0.610694
translation = 0.235026 -6.40199 12.4082 

[view]
id = 15
name = B15.jpg
