# MVE view meta data is stored in INI-file syntax.
# This file is generated, formatting will get lost.

[camera]
focal_length = 1.13988
pixel_aspect = 1
principal_point = 0.504003 0.515569
rotation = -0.97801 -0.045797 0.203469 0.133363 0.61274 0.778951 -0.160347 0.788956 -0.593158
translation = -1.80916 -6.30148 12.2534 

[view]
id = 14
name = B14.jpg
