# MVE view meta data is stored in INI-file syntax.
# This file is generated, formatting will get lost.

[camera]
focal_length = 1.13988
pixel_aspect = 1
principal_point = 0.504003 0.515569
rotation = 0.999813 0.0118425 -0.0152948 -0.0120893 0.999797 -0.0161459 0.0151005 0.0163278 0.999753
translation = 0.177161 -0.0303112 0.165316 

[view]
id = 1
name = B01.jpg
