# MVE view meta data is stored in INI-file syntax.
# This file is generated, formatting will get lost.

[camera]
focal_length = 1.13988
pixel_aspect = 1
principal_point = 0.504003 0.515569
rotation = -0.926087 0.174213 -0.334683 -0.156182 0.630465 0.760343 0.343467 0.756415 -0.556656
translation = 2.3288 -6.17979 11.9481 

[view]
id = 16
name = B16.jpg
