# MVE view meta data is stored in INI-file syntax.
# This file is generated, formatting will get lost.

[camera]
focal_length = 1.13988
pixel_aspect = 1
principal_point = 0.504003 0.515569
rotation = 0.465029 0.384198 -0.797584 -0.39437 0.896496 0.201908 0.792604 0.22065 0.568413
translation = 6.26578 -1.95911 3.09472 

[view]
id = 22
name = B22.jpg
