# MVE view meta data is stored in INI-file syntax.
# This file is generated, formatting will get lost.

[camera]
focal_length = 1.13988
pixel_aspect = 1
principal_point = 0.504003 0.515569
rotation = 0.857896 0.222401 -0.463198 -0.216725 0.973982 0.0662497 0.46588 0.0435512 0.883775
translation = 3.78546 -0.678892 1.12219 

[view]
id = 24
name = B24.jpg
